<?xml version="1.0"?>
<opencv_storage>
<R1 type_id="opencv-matrix">
  <rows>3</rows>
  <cols>3</cols>
  <dt>d</dt>
  <data>
    9.9928875301489151e-01 -2.5284939122859952e-03
    3.7624391243962052e-02 2.4996047795754852e-03 9.9999654399183990e-01
    8.1484987702684847e-04 -3.7626321556712382e-02
    -7.2022420932647152e-04 9.9929161970027514e-01</data></R1>
<P1 type_id="opencv-matrix">
  <rows>3</rows>
  <cols>4</cols>
  <dt>d</dt>
  <data>
    1.3921184659892006e+03 0. 2.9916984558105469e+02 0. 0.
    1.3921184659892006e+03 2.4127257537841797e+02 0. 0. 0. 1. 0.</data></P1>
<R2 type_id="opencv-matrix">
  <rows>3</rows>
  <cols>3</cols>
  <dt>d</dt>
  <data>
    9.9868409259183111e-01 -3.0318609664572948e-03
    5.1194638616859772e-02 3.0711737782335843e-03 9.9999504639341819e-01
    -6.8926065403567157e-04 -5.1192295276288276e-02
    8.4558128254111082e-04 9.9868845687563645e-01</data></R2>
<P2 type_id="opencv-matrix">
  <rows>3</rows>
  <cols>4</cols>
  <dt>d</dt>
  <data>
    1.3921184659892006e+03 0. 2.9916984558105469e+02
    -8.4095614128211878e+01 0. 1.3921184659892006e+03
    2.4127257537841797e+02 0. 0. 0. 1. 0.</data></P2>
<Q type_id="opencv-matrix">
  <rows>4</rows>
  <cols>4</cols>
  <dt>d</dt>
  <data>
    1. 0. 0. -2.9916984558105469e+02 0. 1. 0. -2.4127257537841797e+02 0.
    0. 0. 1.3921184659892006e+03 0. 0. 1.6553996072456069e+01 0.</data></Q>
</opencv_storage>
