<?xml version="1.0"?>
<opencv_storage>
<R type_id="opencv-matrix">
  <rows>3</rows>
  <cols>3</cols>
  <dt>d</dt>
  <data>
    9.9990763602584609e-01 5.8286644620596261e-04
    -1.3578648088453136e-02 -5.6192828020839420e-04
    9.9999864743626377e-01 1.5457562068015131e-03 1.3579530691893105e-02
    -1.5379832082472802e-03 9.9990661111617773e-01</data></R>
<T>
  -6.0328883021394802e-02 1.8314979375294357e-04 -3.0925849198456001e-03</T>
<Essential type_id="opencv-matrix">
  <rows>3</rows>
  <cols>3</cols>
  <dt>d</dt>
  <data>
    7.4927732007473664e-07 3.0922990556200005e-03 1.8791307193304481e-04
    -2.2730613578153349e-03 -9.4587373041040204e-05
    6.0365242096657432e-02 -1.4923237182702130e-04
    -6.0328908174604789e-02 -9.0766818782879447e-05</data></Essential>
<Fundamental type_id="opencv-matrix">
  <rows>3</rows>
  <cols>3</cols>
  <dt>d</dt>
  <data>
    7.5823948606955320e-09 3.1370384100332520e-05
    -4.9424680085606880e-03 -2.3046591515907235e-05
    -9.6139807440432760e-07 8.6321493247022751e-01
    3.3955550760285491e-03 -8.6302925411356313e-01 1.</data></Fundamental>
</opencv_storage>
