<?xml version="1.0"?>
<opencv_storage>
<cameraMatrix type_id="opencv-matrix">
  <rows>3</rows>
  <cols>3</cols>
  <dt>d</dt>
  <data>
    1.3981450318436346e+03 0. 3.1484384543772097e+02 0.
    1.3946899944072791e+03 2.4222857158384346e+02 0. 0. 1.</data></cameraMatrix>
<distCoeffs type_id="opencv-matrix">
  <rows>1</rows>
  <cols>5</cols>
  <dt>d</dt>
  <data>
    -1.9726223765856568e-01 -6.6478619398117287e+00
    4.7313637771761652e-03 -3.6817889090794984e-03
    7.0032173885049161e+01</data></distCoeffs>
</opencv_storage>
